10000000 0  0  0 0
9766939 212112  166  20779 1
9539556 417925  342  42173 2
9317798 614996  552  66650 3
9100870 795333  786  103007 4
8888646 942590  1040  167720 5
8681434 1033232  1262  284068 6
8478647 1043460  1475  476414 7
8281066 958651  1661  758618 8
8086527 790167  1820  1121482 9
7897187 574454  1930  1526425 10
7711285 367866  1990  1918855 11
7528056 209625  1991  2260324 12
7347898 110423  1970  2539705 13
7171996 56859  1905  2769236 14
6999082 30410  1827  2968677 15
6828789 16685  1730  3152792 16
6661673 9114  1640  3327569 17
6496971 4741  1574  3496710 18
6334394 2334  1507  3661761 19
6173766 1149  1456  3823625 20
6015205 453  1398  3982940 21
5857696 194  1321  4140785 22
5702119 69  1259  4296549 23
5548030 13  1201  4450752 24
5395625 0  1154  4603217 25
5244168 0  1101  4754727 26
5093629 0  1051  4905316 27
4944616 0  990  5054390 28
4796140 0  939  5202917 29
4648104 0  895  5350997 30
4501240 0  859  5497897 31
4355687 0  819  5643490 32
4210411 0  794  5788791 33
4065424 0  758  5933814 34
3920761 0  713  6078522 35
3777841 0  674  6221481 36
3635687 0  639  6363670 37
3494450 0  606  6504940 38
3355017 0  567  6644412 39
3215745 2  540  6783709 40
3077292 0  504  6922200 41
2940949 0  480  7058567 42
2805954 0  460  7193582 43
2672484 0  445  7327067 44
2540426 0  423  7459147 45
2410948 0  404  7588644 46
2283171 0  380  7716445 47
2157433 0  360  7842203 48
2034805 0  343  7964848 49
1914959 0  325  8084712 50
1797901 0  307  8201788 51
1684030 0  298  8315668 52
1573152 0  283  8426561 53
1465850 0  271  8533875 54
1361868 0  254  8637874 55
1261513 0  246  8738237 56
1165718 0  231  8834047 57
1073179 0  227  8926590 58
985293 0  216  9014487 59
901571 0  199  9098226 60
822631 0  189  9177176 61
747751 0  181  9252064 62
677377 0  174  9322445 63
610765 0  163  9389068 64
548685 0  154  9451157 65
490967 0  149  9508880 66
437508 0  144  9562344 67
388204 0  140  9611652 68
343375 0  136  9656485 69
302328 0  134  9697534 70
264873 0  130  9734993 71
230836 0  125  9769035 72
200181 0  120  9799695 73
172692 0  114  9827190 74
148244 0  107  9851645 75
126488 0  101  9873407 76
107453 0  98  9892445 77
90931 0  93  9908972 78
76284 0  88  9923624 79
63537 0  86  9936373 80
52713 0  79  9947204 81
43522 0  77  9956397 82
35625 0  72  9964299 83
28911 1  71  9971013 84
23424 0  70  9976502 85
18750 0  65  9981181 86
14981 0  64  9984951 87
11808 0  63  9988125 88
9252 0  59  9990685 89
7172 0  55  9992769 90
5537 0  54  9994405 91
4269 0  51  9995676 92
3222 0  47  9996727 93
2467 0  44  9997485 94
1854 0  43  9998099 95
1346 0  41  9998609 96
1001 0  37  9998958 97
708 0  34  9999254 98
500 0  33  9999463 99
