50000000 0  0  0 0
48839413 1055954  883  103750 1
47704060 2083826  1830  210284 2
46594911 3069102  2849  333138 3
45508829 3972297  3953  514921 4
44448194 4708058  5142  838606 5
43411799 5163077  6319  1418805 6
42397430 5216211  7398  2378961 7
41405089 4795514  8379  3791018 8
40435119 3953120  9118  5602643 9
39486652 2878286  9722  7625340 10
38556242 1838522  10071  9595165 11
37641622 1044818  10100  11303460 12
36745111 548237  9909  12696743 13
35865080 284278  9659  13840983 14
35000045 153189  9338  14837428 15
34148810 83942  8945  15758303 16
33310323 45848  8558  16635271 17
32483433 24233  8157  17484177 18
31668952 12066  7754  18311228 19
30864386 5520  7387  19122707 20
30069128 2451  7081  19921340 21
29282744 941  6745  20709570 22
28506027 318  6439  21487216 23
27735859 98  6135  22257908 24
26973372 2  5820  23020806 25
26216178 1  5549  23778272 26
25464879 0  5285  24529836 27
24717604 0  5020  25277376 28
23974627 0  4797  26020576 29
23237295 0  4565  26758140 30
22503102 0  4346  27492552 31
21773624 0  4148  28222228 32
21047517 0  3977  28948506 33
20324538 0  3785  29671677 34
19605821 0  3589  30390590 35
18892218 0  3438  31104344 36
18180860 1  3266  31815873 37
17475353 1  3097  32521549 38
16774738 0  2978  33222284 39
16078401 0  2831  33918768 40
15389441 0  2707  34607852 41
14706502 1  2582  35290915 42
14032165 1  2468  35965366 43
13364138 0  2358  36633504 44
12705958 0  2246  37291796 45
12056159 0  2135  37941706 46
11418404 1  2017  38579578 47
10790264 0  1925  39207811 48
10175173 0  1838  39822989 49
9574402 1  1743  40423854 50
8988147 0  1654  41010199 51
8416714 1  1569  41581716 52
7862298 0  1488  42136214 53
7325789 0  1416  42672795 54
6805119 0  1357  43193524 55
6305486 0  1308  43693206 56
5825090 1  1250  44173659 57
5364321 1  1194  44634484 58
4924271 0  1127  45074602 59
4505846 0  1081  45493073 60
4109821 1  1022  45889156 61
3734974 1  973  46264052 62
3381419 0  926  46617655 63
3050041 0  884  46949075 64
2740782 0  843  47258375 65
2453335 0  807  47545858 66
2186109 0  765  47813126 67
1940307 0  732  48058961 68
1714627 0  707  48284666 69
1508441 0  672  48490887 70
1321215 0  638  48678147 71
1151882 0  616  48847502 72
999388 0  589  49000023 73
862379 0  556  49137065 74
740057 0  531  49259412 75
632394 0  514  49367092 76
537007 0  491  49462502 77
453473 1  466  49546060 78
380892 0  443  49618665 79
317858 1  420  49681721 80
263934 0  402  49735664 81
217759 0  385  49781856 82
178145 0  372  49821483 83
144954 0  356  49854690 84
117011 0  339  49882650 85
93952 0  324  49905724 86
74859 0  308  49924833 87
59449 0  292  49940259 88
46687 0  285  49953028 89
36217 0  273  49963510 90
28164 0  262  49971574 91
21646 0  242  49978112 92
16492 0  230  49983278 93
12416 0  213  49987371 94
9311 0  204  49990485 95
6907 0  195  49992898 96
5054 0  189  49994757 97
3673 0  184  49996143 98
2683 0  173  49997144 99
1925 0  164  49997911 100
1362 0  156  49998482 101
951 0  151  49998898 102
675 0  139  49999186 103
463 0  131  49999406 104
312 0  119  49999569 105
200 0  115  49999685 106
126 0  105  49999769 107
81 0  100  49999819 108
56 0  99  49999845 109
38 0  97  49999865 110
34 0  92  49999874 111
18 0  88  49999894 112
14 0  86  49999900 113
9 0  84  49999907 114
6 0  78  49999916 115
4 0  76  49999920 116
1 0  73  49999926 117
1 0  71  49999928 118
1 0  69  49999930 119
0 0  62  49999938 120
0 0  57  49999943 121
0 0  55  49999945 122
0 0  53  49999947 123
0 0  49  49999951 124
0 0  47  49999953 125
0 0  43  49999957 126
0 0  41  49999959 127
0 0  39  49999961 128
0 0  37  49999963 129
0 0  33  49999967 130
0 0  32  49999968 131
0 0  30  49999970 132
0 0  29  49999971 133
0 0  29  49999971 134
0 0  29  49999971 135
0 0  26  49999974 136
0 0  25  49999975 137
0 0  25  49999975 138
0 0  24  49999976 139
0 0  23  49999977 140
0 0  21  49999979 141
0 0  21  49999979 142
0 0  21  49999979 143
0 0  19  49999981 144
0 0  18  49999982 145
0 0  17  49999983 146
0 0  16  49999984 147
0 0  16  49999984 148
0 0  14  49999986 149
0 0  13  49999987 150
0 0  13  49999987 151
0 0  11  49999989 152
0 0  10  49999990 153
0 0  10  49999990 154
0 0  10  49999990 155
0 0  10  49999990 156
0 0  10  49999990 157
0 0  10  49999990 158
0 0  8  49999992 159
0 0  8  49999992 160
0 0  7  49999993 161
0 0  6  49999994 162
0 0  5  49999995 163
0 0  5  49999995 164
0 0  5  49999995 165
0 0  5  49999995 166
0 0  5  49999995 167
0 0  5  49999995 168
0 0  5  49999995 169
0 0  5  49999995 170
0 0  5  49999995 171
0 0  5  49999995 172
0 0  5  49999995 173
0 0  5  49999995 174
0 0  4  49999996 175
0 0  4  49999996 176
0 0  3  49999997 177
0 0  2  49999998 178
0 0  2  49999998 179
0 0  2  49999998 180
0 0  1  49999999 181
0 0  1  49999999 182
0 0  1  49999999 183
0 0  1  49999999 184
0 0  1  49999999 185
0 0  1  49999999 186
0 0  1  49999999 187
0 0  1  49999999 188
0 0  1  49999999 189
0 0  1  49999999 190
0 0  1  49999999 191
0 0  1  49999999 192
0 0  1  49999999 193
0 0  1  49999999 194
0 0  1  49999999 195
0 0  1  49999999 196
0 0  1  49999999 197
0 0  1  49999999 198
0 0  1  49999999 199
0 0  1  49999999 200
0 0  1  49999999 201
0 0  1  49999999 202
0 0  1  49999999 203
0 0  1  49999999 204
0 0  1  49999999 205
0 0  1  49999999 206
0 0  1  49999999 207
0 0  1  49999999 208
0 0  1  49999999 209
0 0  1  49999999 210
0 0  1  49999999 211
0 0  1  49999999 212
0 0  1  49999999 213
0 0  1  49999999 214
0 0  1  49999999 215
0 0  1  49999999 216
0 0  1  49999999 217
0 0  1  49999999 218
0 0  1  49999999 219
0 0  1  49999999 220
0 0  1  49999999 221
0 0  1  49999999 222
0 0  1  49999999 223
0 0  1  49999999 224
0 0  1  49999999 225
0 0  1  49999999 226
0 0  1  49999999 227
0 0  1  49999999 228
0 0  1  49999999 229
0 0  1  49999999 230
0 0  1  49999999 231
0 0  1  49999999 232
0 0  1  49999999 233
0 0  1  49999999 234
0 0  1  49999999 235
0 0  1  49999999 236
0 0  1  49999999 237
0 0  1  49999999 238
0 0  1  49999999 239
0 0  0  50000000 240
0 0  0  50000000 241
0 0  0  50000000 242
0 0  0  50000000 243
0 0  0  50000000 244
0 0  0  50000000 245
0 0  0  50000000 246
0 0  0  50000000 247
0 0  0  50000000 248
0 0  0  50000000 249
0 0  0  50000000 250
0 0  0  50000000 251
0 0  0  50000000 252
0 0  0  50000000 253
0 0  0  50000000 254
0 0  0  50000000 255
0 0  0  50000000 256
0 0  0  50000000 257
0 0  0  50000000 258
0 0  0  50000000 259
0 0  0  50000000 260
0 0  0  50000000 261
0 0  0  50000000 262
0 0  0  50000000 263
0 0  0  50000000 264
0 0  0  50000000 265
0 0  0  50000000 266
0 0  0  50000000 267
0 0  0  50000000 268
0 0  0  50000000 269
0 0  0  50000000 270
0 0  0  50000000 271
0 0  0  50000000 272
0 0  0  50000000 273
0 0  0  50000000 274
0 0  0  50000000 275
0 0  0  50000000 276
0 0  0  50000000 277
0 0  0  50000000 278
0 0  0  50000000 279
0 0  0  50000000 280
0 0  0  50000000 281
0 0  0  50000000 282
0 0  0  50000000 283
0 0  0  50000000 284
0 0  0  50000000 285
0 0  0  50000000 286
0 0  0  50000000 287
0 0  0  50000000 288
0 0  0  50000000 289
0 0  0  50000000 290
0 0  0  50000000 291
0 0  0  50000000 292
0 0  0  50000000 293
0 0  0  50000000 294
0 0  0  50000000 295
0 0  0  50000000 296
0 0  0  50000000 297
0 0  0  50000000 298
0 0  0  50000000 299
0 0  0  50000000 300
0 0  0  50000000 301
0 0  0  50000000 302
0 0  0  50000000 303
0 0  0  50000000 304
0 0  0  50000000 305
0 0  0  50000000 306
0 0  0  50000000 307
0 0  0  50000000 308
0 0  0  50000000 309
0 0  0  50000000 310
0 0  0  50000000 311
0 0  0  50000000 312
0 0  0  50000000 313
0 0  0  50000000 314
0 0  0  50000000 315
0 0  0  50000000 316
0 0  0  50000000 317
0 0  0  50000000 318
0 0  0  50000000 319
0 0  0  50000000 320
0 0  0  50000000 321
0 0  0  50000000 322
0 0  0  50000000 323
0 0  0  50000000 324
0 0  0  50000000 325
0 0  0  50000000 326
0 0  0  50000000 327
0 0  0  50000000 328
0 0  0  50000000 329
0 0  0  50000000 330
0 0  0  50000000 331
0 0  0  50000000 332
0 0  0  50000000 333
0 0  0  50000000 334
0 0  0  50000000 335
0 0  0  50000000 336
0 0  0  50000000 337
0 0  0  50000000 338
0 0  0  50000000 339
0 0  0  50000000 340
0 0  0  50000000 341
0 0  0  50000000 342
0 0  0  50000000 343
0 0  0  50000000 344
0 0  0  50000000 345
0 0  0  50000000 346
0 0  0  50000000 347
0 0  0  50000000 348
0 0  0  50000000 349
0 0  0  50000000 350
0 0  0  50000000 351
0 0  0  50000000 352
0 0  0  50000000 353
0 0  0  50000000 354
0 0  0  50000000 355
0 0  0  50000000 356
0 0  0  50000000 357
0 0  0  50000000 358
0 0  0  50000000 359
0 0  0  50000000 360
0 0  0  50000000 361
0 0  0  50000000 362
0 0  0  50000000 363
0 0  0  50000000 364
0 0  0  50000000 365
0 0  0  50000000 366
0 0  0  50000000 367
0 0  0  50000000 368
0 0  0  50000000 369
0 0  0  50000000 370
0 0  0  50000000 371
0 0  0  50000000 372
0 0  0  50000000 373
0 0  0  50000000 374
0 0  0  50000000 375
0 0  0  50000000 376
0 0  0  50000000 377
0 0  0  50000000 378
0 0  0  50000000 379
0 0  0  50000000 380
0 0  0  50000000 381
0 0  0  50000000 382
0 0  0  50000000 383
0 0  0  50000000 384
0 0  0  50000000 385
0 0  0  50000000 386
0 0  0  50000000 387
0 0  0  50000000 388
0 0  0  50000000 389
0 0  0  50000000 390
0 0  0  50000000 391
0 0  0  50000000 392
0 0  0  50000000 393
0 0  0  50000000 394
0 0  0  50000000 395
0 0  0  50000000 396
0 0  0  50000000 397
0 0  0  50000000 398
0 0  0  50000000 399
0 0  0  50000000 400
0 0  0  50000000 401
0 0  0  50000000 402
0 0  0  50000000 403
0 0  0  50000000 404
0 0  0  50000000 405
0 0  0  50000000 406
0 0  0  50000000 407
0 0  0  50000000 408
0 0  0  50000000 409
0 0  0  50000000 410
0 0  0  50000000 411
0 0  0  50000000 412
0 0  0  50000000 413
0 0  0  50000000 414
0 0  0  50000000 415
0 0  0  50000000 416
0 0  0  50000000 417
0 0  0  50000000 418
0 0  0  50000000 419
0 0  0  50000000 420
0 0  0  50000000 421
0 0  0  50000000 422
0 0  0  50000000 423
0 0  0  50000000 424
0 0  0  50000000 425
0 0  0  50000000 426
0 0  0  50000000 427
0 0  0  50000000 428
0 0  0  50000000 429
0 0  0  50000000 430
0 0  0  50000000 431
0 0  0  50000000 432
0 0  0  50000000 433
0 0  0  50000000 434
0 0  0  50000000 435
0 0  0  50000000 436
0 0  0  50000000 437
0 0  0  50000000 438
0 0  0  50000000 439
0 0  0  50000000 440
0 0  0  50000000 441
0 0  0  50000000 442
0 0  0  50000000 443
0 0  0  50000000 444
0 0  0  50000000 445
0 0  0  50000000 446
0 0  0  50000000 447
0 0  0  50000000 448
0 0  0  50000000 449
0 0  0  50000000 450
0 0  0  50000000 451
0 0  0  50000000 452
0 0  0  50000000 453
0 0  0  50000000 454
0 0  0  50000000 455
0 0  0  50000000 456
0 0  0  50000000 457
0 0  0  50000000 458
0 0  0  50000000 459
0 0  0  50000000 460
0 0  0  50000000 461
0 0  0  50000000 462
0 0  0  50000000 463
0 0  0  50000000 464
0 0  0  50000000 465
0 0  0  50000000 466
0 0  0  50000000 467
0 0  0  50000000 468
0 0  0  50000000 469
0 0  0  50000000 470
0 0  0  50000000 471
0 0  0  50000000 472
0 0  0  50000000 473
0 0  0  50000000 474
0 0  0  50000000 475
0 0  0  50000000 476
0 0  0  50000000 477
0 0  0  50000000 478
0 0  0  50000000 479
0 0  0  50000000 480
0 0  0  50000000 481
0 0  0  50000000 482
0 0  0  50000000 483
0 0  0  50000000 484
0 0  0  50000000 485
0 0  0  50000000 486
0 0  0  50000000 487
0 0  0  50000000 488
0 0  0  50000000 489
0 0  0  50000000 490
0 0  0  50000000 491
0 0  0  50000000 492
0 0  0  50000000 493
0 0  0  50000000 494
0 0  0  50000000 495
0 0  0  50000000 496
0 0  0  50000000 497
0 0  0  50000000 498
0 0  0  50000000 499
0 0  0  50000000 500
0 0  0  50000000 501
0 0  0  50000000 502
0 0  0  50000000 503
0 0  0  50000000 504
0 0  0  50000000 505
0 0  0  50000000 506
0 0  0  50000000 507
0 0  0  50000000 508
0 0  0  50000000 509
0 0  0  50000000 510
0 0  0  50000000 511
0 0  0  50000000 512
0 0  0  50000000 513
0 0  0  50000000 514
0 0  0  50000000 515
0 0  0  50000000 516
0 0  0  50000000 517
0 0  0  50000000 518
0 0  0  50000000 519
0 0  0  50000000 520
0 0  0  50000000 521
0 0  0  50000000 522
0 0  0  50000000 523
0 0  0  50000000 524
0 0  0  50000000 525
0 0  0  50000000 526
0 0  0  50000000 527
0 0  0  50000000 528
0 0  0  50000000 529
0 0  0  50000000 530
0 0  0  50000000 531
0 0  0  50000000 532
0 0  0  50000000 533
0 0  0  50000000 534
0 0  0  50000000 535
0 0  0  50000000 536
0 0  0  50000000 537
0 0  0  50000000 538
0 0  0  50000000 539
0 0  0  50000000 540
0 0  0  50000000 541
0 0  0  50000000 542
0 0  0  50000000 543
0 0  0  50000000 544
0 0  0  50000000 545
0 0  0  50000000 546
0 0  0  50000000 547
0 0  0  50000000 548
0 0  0  50000000 549
0 0  0  50000000 550
0 0  0  50000000 551
0 0  0  50000000 552
0 0  0  50000000 553
0 0  0  50000000 554
0 0  0  50000000 555
0 0  0  50000000 556
0 0  0  50000000 557
0 0  0  50000000 558
0 0  0  50000000 559
0 0  0  50000000 560
0 0  0  50000000 561
0 0  0  50000000 562
0 0  0  50000000 563
0 0  0  50000000 564
0 0  0  50000000 565
0 0  0  50000000 566
0 0  0  50000000 567
0 0  0  50000000 568
0 0  0  50000000 569
0 0  0  50000000 570
0 0  0  50000000 571
0 0  0  50000000 572
0 0  0  50000000 573
0 0  0  50000000 574
0 0  0  50000000 575
0 0  0  50000000 576
0 0  0  50000000 577
0 0  0  50000000 578
0 0  0  50000000 579
0 0  0  50000000 580
0 0  0  50000000 581
0 0  0  50000000 582
0 0  0  50000000 583
0 0  0  50000000 584
0 0  0  50000000 585
0 0  0  50000000 586
0 0  0  50000000 587
0 0  0  50000000 588
0 0  0  50000000 589
0 0  0  50000000 590
0 0  0  50000000 591
0 0  0  50000000 592
0 0  0  50000000 593
0 0  0  50000000 594
0 0  0  50000000 595
0 0  0  50000000 596
0 0  0  50000000 597
0 0  0  50000000 598
0 0  0  50000000 599
0 0  0  50000000 600
0 0  0  50000000 601
0 0  0  50000000 602
0 0  0  50000000 603
0 0  0  50000000 604
0 0  0  50000000 605
0 0  0  50000000 606
0 0  0  50000000 607
0 0  0  50000000 608
0 0  0  50000000 609
0 0  0  50000000 610
0 0  0  50000000 611
0 0  0  50000000 612
0 0  0  50000000 613
0 0  0  50000000 614
0 0  0  50000000 615
0 0  0  50000000 616
0 0  0  50000000 617
0 0  0  50000000 618
0 0  0  50000000 619
0 0  0  50000000 620
0 0  0  50000000 621
0 0  0  50000000 622
0 0  0  50000000 623
0 0  0  50000000 624
0 0  0  50000000 625
0 0  0  50000000 626
0 0  0  50000000 627
0 0  0  50000000 628
0 0  0  50000000 629
0 0  0  50000000 630
0 0  0  50000000 631
0 0  0  50000000 632
0 0  0  50000000 633
0 0  0  50000000 634
0 0  0  50000000 635
0 0  0  50000000 636
0 0  0  50000000 637
0 0  0  50000000 638
0 0  0  50000000 639
0 0  0  50000000 640
0 0  0  50000000 641
0 0  0  50000000 642
0 0  0  50000000 643
0 0  0  50000000 644
0 0  0  50000000 645
0 0  0  50000000 646
0 0  0  50000000 647
0 0  0  50000000 648
0 0  0  50000000 649
0 0  0  50000000 650
0 0  0  50000000 651
0 0  0  50000000 652
0 0  0  50000000 653
0 0  0  50000000 654
0 0  0  50000000 655
0 0  0  50000000 656
0 0  0  50000000 657
0 0  0  50000000 658
0 0  0  50000000 659
0 0  0  50000000 660
0 0  0  50000000 661
0 0  0  50000000 662
0 0  0  50000000 663
0 0  0  50000000 664
0 0  0  50000000 665
0 0  0  50000000 666
0 0  0  50000000 667
0 0  0  50000000 668
0 0  0  50000000 669
0 0  0  50000000 670
0 0  0  50000000 671
0 0  0  50000000 672
0 0  0  50000000 673
0 0  0  50000000 674
0 0  0  50000000 675
0 0  0  50000000 676
0 0  0  50000000 677
0 0  0  50000000 678
0 0  0  50000000 679
0 0  0  50000000 680
0 0  0  50000000 681
0 0  0  50000000 682
0 0  0  50000000 683
0 0  0  50000000 684
0 0  0  50000000 685
0 0  0  50000000 686
0 0  0  50000000 687
0 0  0  50000000 688
0 0  0  50000000 689
0 0  0  50000000 690
0 0  0  50000000 691
0 0  0  50000000 692
0 0  0  50000000 693
0 0  0  50000000 694
0 0  0  50000000 695
0 0  0  50000000 696
0 0  0  50000000 697
0 0  0  50000000 698
0 0  0  50000000 699
0 0  0  50000000 700
0 0  0  50000000 701
0 0  0  50000000 702
0 0  0  50000000 703
0 0  0  50000000 704
0 0  0  50000000 705
0 0  0  50000000 706
0 0  0  50000000 707
0 0  0  50000000 708
0 0  0  50000000 709
0 0  0  50000000 710
0 0  0  50000000 711
0 0  0  50000000 712
0 0  0  50000000 713
0 0  0  50000000 714
0 0  0  50000000 715
0 0  0  50000000 716
0 0  0  50000000 717
0 0  0  50000000 718
0 0  0  50000000 719
0 0  0  50000000 720
0 0  0  50000000 721
0 0  0  50000000 722
0 0  0  50000000 723
0 0  0  50000000 724
0 0  0  50000000 725
0 0  0  50000000 726
0 0  0  50000000 727
0 0  0  50000000 728
0 0  0  50000000 729
0 0  0  50000000 730
0 0  0  50000000 731
0 0  0  50000000 732
0 0  0  50000000 733
0 0  0  50000000 734
0 0  0  50000000 735
0 0  0  50000000 736
0 0  0  50000000 737
0 0  0  50000000 738
0 0  0  50000000 739
0 0  0  50000000 740
0 0  0  50000000 741
0 0  0  50000000 742
0 0  0  50000000 743
0 0  0  50000000 744
0 0  0  50000000 745
0 0  0  50000000 746
0 0  0  50000000 747
0 0  0  50000000 748
0 0  0  50000000 749
0 0  0  50000000 750
0 0  0  50000000 751
0 0  0  50000000 752
0 0  0  50000000 753
0 0  0  50000000 754
0 0  0  50000000 755
0 0  0  50000000 756
0 0  0  50000000 757
0 0  0  50000000 758
0 0  0  50000000 759
0 0  0  50000000 760
0 0  0  50000000 761
0 0  0  50000000 762
0 0  0  50000000 763
0 0  0  50000000 764
0 0  0  50000000 765
0 0  0  50000000 766
0 0  0  50000000 767
0 0  0  50000000 768
0 0  0  50000000 769
0 0  0  50000000 770
0 0  0  50000000 771
0 0  0  50000000 772
0 0  0  50000000 773
0 0  0  50000000 774
0 0  0  50000000 775
0 0  0  50000000 776
0 0  0  50000000 777
0 0  0  50000000 778
0 0  0  50000000 779
0 0  0  50000000 780
0 0  0  50000000 781
0 0  0  50000000 782
0 0  0  50000000 783
0 0  0  50000000 784
0 0  0  50000000 785
0 0  0  50000000 786
0 0  0  50000000 787
0 0  0  50000000 788
0 0  0  50000000 789
0 0  0  50000000 790
0 0  0  50000000 791
0 0  0  50000000 792
0 0  0  50000000 793
0 0  0  50000000 794
0 0  0  50000000 795
0 0  0  50000000 796
0 0  0  50000000 797
0 0  0  50000000 798
0 0  0  50000000 799
0 0  0  50000000 800
0 0  0  50000000 801
0 0  0  50000000 802
0 0  0  50000000 803
0 0  0  50000000 804
0 0  0  50000000 805
0 0  0  50000000 806
0 0  0  50000000 807
0 0  0  50000000 808
0 0  0  50000000 809
0 0  0  50000000 810
0 0  0  50000000 811
0 0  0  50000000 812
0 0  0  50000000 813
0 0  0  50000000 814
0 0  0  50000000 815
0 0  0  50000000 816
0 0  0  50000000 817
0 0  0  50000000 818
0 0  0  50000000 819
0 0  0  50000000 820
0 0  0  50000000 821
0 0  0  50000000 822
0 0  0  50000000 823
0 0  0  50000000 824
0 0  0  50000000 825
0 0  0  50000000 826
0 0  0  50000000 827
0 0  0  50000000 828
0 0  0  50000000 829
0 0  0  50000000 830
0 0  0  50000000 831
0 0  0  50000000 832
0 0  0  50000000 833
0 0  0  50000000 834
0 0  0  50000000 835
0 0  0  50000000 836
0 0  0  50000000 837
0 0  0  50000000 838
0 0  0  50000000 839
0 0  0  50000000 840
0 0  0  50000000 841
0 0  0  50000000 842
0 0  0  50000000 843
0 0  0  50000000 844
0 0  0  50000000 845
0 0  0  50000000 846
0 0  0  50000000 847
0 0  0  50000000 848
0 0  0  50000000 849
0 0  0  50000000 850
0 0  0  50000000 851
0 0  0  50000000 852
0 0  0  50000000 853
0 0  0  50000000 854
0 0  0  50000000 855
0 0  0  50000000 856
0 0  0  50000000 857
0 0  0  50000000 858
0 0  0  50000000 859
0 0  0  50000000 860
0 0  0  50000000 861
0 0  0  50000000 862
0 0  0  50000000 863
0 0  0  50000000 864
0 0  0  50000000 865
0 0  0  50000000 866
0 0  0  50000000 867
0 0  0  50000000 868
0 0  0  50000000 869
0 0  0  50000000 870
0 0  0  50000000 871
0 0  0  50000000 872
0 0  0  50000000 873
0 0  0  50000000 874
0 0  0  50000000 875
0 0  0  50000000 876
0 0  0  50000000 877
0 0  0  50000000 878
0 0  0  50000000 879
0 0  0  50000000 880
0 0  0  50000000 881
0 0  0  50000000 882
0 0  0  50000000 883
0 0  0  50000000 884
0 0  0  50000000 885
0 0  0  50000000 886
0 0  0  50000000 887
0 0  0  50000000 888
0 0  0  50000000 889
0 0  0  50000000 890
0 0  0  50000000 891
0 0  0  50000000 892
0 0  0  50000000 893
0 0  0  50000000 894
0 0  0  50000000 895
0 0  0  50000000 896
0 0  0  50000000 897
0 0  0  50000000 898
0 0  0  50000000 899
0 0  0  50000000 900
0 0  0  50000000 901
0 0  0  50000000 902
0 0  0  50000000 903
0 0  0  50000000 904
0 0  0  50000000 905
0 0  0  50000000 906
0 0  0  50000000 907
0 0  0  50000000 908
0 0  0  50000000 909
0 0  0  50000000 910
0 0  0  50000000 911
0 0  0  50000000 912
0 0  0  50000000 913
0 0  0  50000000 914
0 0  0  50000000 915
0 0  0  50000000 916
0 0  0  50000000 917
0 0  0  50000000 918
0 0  0  50000000 919
0 0  0  50000000 920
0 0  0  50000000 921
0 0  0  50000000 922
0 0  0  50000000 923
0 0  0  50000000 924
0 0  0  50000000 925
0 0  0  50000000 926
0 0  0  50000000 927
0 0  0  50000000 928
0 0  0  50000000 929
0 0  0  50000000 930
0 0  0  50000000 931
0 0  0  50000000 932
0 0  0  50000000 933
0 0  0  50000000 934
0 0  0  50000000 935
0 0  0  50000000 936
0 0  0  50000000 937
0 0  0  50000000 938
0 0  0  50000000 939
0 0  0  50000000 940
0 0  0  50000000 941
0 0  0  50000000 942
0 0  0  50000000 943
0 0  0  50000000 944
0 0  0  50000000 945
0 0  0  50000000 946
0 0  0  50000000 947
0 0  0  50000000 948
0 0  0  50000000 949
0 0  0  50000000 950
0 0  0  50000000 951
0 0  0  50000000 952
0 0  0  50000000 953
0 0  0  50000000 954
0 0  0  50000000 955
0 0  0  50000000 956
0 0  0  50000000 957
0 0  0  50000000 958
0 0  0  50000000 959
0 0  0  50000000 960
0 0  0  50000000 961
0 0  0  50000000 962
0 0  0  50000000 963
0 0  0  50000000 964
0 0  0  50000000 965
0 0  0  50000000 966
0 0  0  50000000 967
0 0  0  50000000 968
0 0  0  50000000 969
0 0  0  50000000 970
0 0  0  50000000 971
0 0  0  50000000 972
0 0  0  50000000 973
0 0  0  50000000 974
0 0  0  50000000 975
0 0  0  50000000 976
0 0  0  50000000 977
0 0  0  50000000 978
0 0  0  50000000 979
0 0  0  50000000 980
0 0  0  50000000 981
0 0  0  50000000 982
0 0  0  50000000 983
0 0  0  50000000 984
0 0  0  50000000 985
0 0  0  50000000 986
0 0  0  50000000 987
0 0  0  50000000 988
0 0  0  50000000 989
0 0  0  50000000 990
0 0  0  50000000 991
0 0  0  50000000 992
0 0  0  50000000 993
0 0  0  50000000 994
0 0  0  50000000 995
0 0  0  50000000 996
0 0  0  50000000 997
0 0  0  50000000 998
0 0  0  50000000 999
